3 1 8
2 1 3
1 1 8
7 2 8
6 2 8
5 2 8
6 2 8
7 2 8
1 1 8
7 2 8
6 2 8
5 2 8
4 2 8
3 2 8
4 2 8
2 2 8
1 1 2
7 2 2
1 1 2
1 2 2
7 3 2
5 2 2
2 2 2
3 2 2
1 2 2
1 1 2
7 2 2
6 2 2
7 2 2
3 1 2
5 1 2
6 1 2
4 1 2
3 1 2
2 1 2
4 1 2
4 1 2
3 1 2
1 1 2
7 2 2
6 2 2
5 2 2
4 2 2
3 2 2
2 2 2
4 2 2
3 2 2
2 2 2
1 2 2
2 2 2
3 2 2
4 2 2
5 2 2
2 2 2
5 2 2
4 2 2
3 2 2
6 2 2
5 2 2
4 2 2
5 2 2
4 2 2
3 2 2
2 2 2
1 2 2
6 3 2
6 2 2
7 2 2
1 1 2
7 2 2
6 2 2
5 2 2
4 2 2
3 2 2 
2 2 2
6 2 2
5 2 2
6 2 2
5 2 2
4 2 2
3 2 4
3 1 4
2 1 8
1 1 8
2 1 8
1 1 4
3 1 4
2 1 4
4 1 4
5 1 2
3 1 1
4 1 1
5 1 2
3 1 1
4 1 1
5 1 1
5 2 1
6 2 1
7 2 1
1 1 1
2 1 1
3 1 1
4 1 1
3 1 2
1 1 1
2 1 1
3 1 2
3 2 1
4 2 1
5 2 1
6 2 1
5 2 1
4 2 1
5 2 1
3 2 1
4 2 1
5 2 1
4 2 2
6 2 1
5 2 1
4 2 2
3 2 1
2 2 1
3 2 1
2 2 1
1 2 1
2 2 1
3 2 1
4 2 1
5 2 1
6 2 1
4 2 2
6 2 1
5 2 1
6 2 2
7 2 1
1 1 1
5 2 1
6 2 1
7 2 1
1 1 1
2 1 1
3 1 1
4 1 1
5 1 1
3 1 2
1 1 1
2 1 1
3 1 2
2 1 1
1 1 1
2 1 1
7 2 1
1 1 1
2 1 1
3 1 1
2 1 1
1 1 1
7 2 1
1 1 2
6 2 1
7 2 1
1 1 2
1 2 1
2 2 1
3 2 1
4 2 1
3 2 1
2 2 1
3 2 1
1 1 1
7 2 1
1 1 1
6 2 2
1 1 1
7 2 1
6 2 2
5 2 1
4 2 1
5 2 1
4 2 1
3 2 1
4 2 1
5 2 1
6 2 1
7 2 1
1 2 1
6 2 2
1 1 1
7 2 1
1 1 2
7 2 1
6 2 1
7 2 1
1 1 1
2 1 1
1 1 1
7 2 1
1 1 1
6 2 1
7 2 1
3 1 2
3 2 2
4 2 2
3 2 2
2 2 2
2 1 2
3 1 2
2 1 2
1 1 2
3 2 2
1 2 2
6 2 2
5 2 2
5 3 2
4 3 2
5 3 2
6 3 2
6 2 2
7 2 2
6 2 2
7 2 2
5 3 2
4 3 2
5 3 2
6 3 2
6 2 2
5 2 2
6 2 2
7 2 2
7 2 2
6 2 2
7 2 2
1 2 2
1 1 2
2 1 2
1 1 2
7 2 2
7 3 2
1 2 2
7 3 2
6 3 2
6 2 2
5 2 2
6 2 2
7 2 2
7 3 2
3 2 2
2 2 2
1 2 2
1 1 2
2 1 2
4 1 2
3 1 2
3 2 2
5 2 2
3 1 2
1 1 2
4 1 2
3 1 2
4 1 2
2 1 2
5 2 2
4 2 2
5 2 2
3 2 2
1 1 1
7 2 1
1 1 2
3 2 2
5 2 2
5 2 1
6 2 1
7 2 2
5 2 2
3 2 2
1 1 1
2 1 1
3 1 2
1 1 2
3 1 2
3 1 1
2 1 1
1 1 2
7 2 2
6 2 2
6 2 1
5 2 1
6 2 2
7 2 2
1 1 2
3 1 1
2 1 1
1 1 2
3 1 2
4 2 2
1 2 1
7 2 1
6 2 2
6 2 2
5 2 2
2 2 2
5 2 2
5 2 2
3 2 6
3 1 2
3 1 2
4 1 2
3 1 2
2 1 2
1 1 6
1 1 2
1 1 2
2 1 2
1 1 2
7 2 2
6 2 8
1 1 8
1 1 2
#6 2 2
6 2 2
#6 2 2
5 2 6
5 2 2
5 2 6
5 2 2
5 2 2
6 2 2
5 2 2
4 2 2
3 2 6
3 2 2
3 2 2
4 2 2
3 2 2
2 2 2
1 1 2
#6 2 2
6 2 2
#6 2 2
5 2 6
5 2 2
4 2 4
1 1 4
7 2 6
7 2 2
5 1 8
5 2 6
4 2 2
3 1 8
3 1 6
2 1 2
1 1 12
1 2 4
1 1 8
7 2 8
1 1 4
1 2 4
7 3 4
7 2 4
6 2 4
6 3 4
5 3 4
5 2 4
4 2 4
4 1 4
3 1 4
3 2 4
2 2 4
6 2 4
2 2 4
2 1 4
3 1 4
3 2 4
2 2 4
2 1 4
1 1 4
1 2 4
7 3 4
7 2 4
6 2 4
6 1 4
5 1 4
5 2 4
4 2 6
2 1 2
5 2 4
2 1 4
3 1 8
0 2 4
0 2 4
